# Size: 160801(401x401), n_valid: 160795
# unw_cov_thre: 0.3, coh_thre: 0.01
# ifg dates         bperp   dt unw_cov  coh_av
20141105_20141129     0.8   24   0.184   0.078 *
20141105_20150209     0.2   96   0.071   0.066 *
20141129_20150116    -1.4   48   0.144   0.080 *
20141129_20150305    -1.2   96   0.118   0.076 *
20150116_20150209     0.8   24   0.795   0.088 
20150116_20150305     0.2   48   0.168   0.083 *
20150116_20150422    -0.2   96   0.115   0.075 *
20150209_20150305    -0.5   24   0.217   0.089 *
20150209_20150422    -0.9   72   0.118   0.077 *
20150305_20150329     1.1   24   0.771   0.085 
20150305_20150516     0.6   72   0.095   0.072 *
20150305_20150727     0.1  144   0.078   0.067 *
20150329_20150516    -0.5   48   0.145   0.079 *
20150422_20150516     1.0   24   0.147   0.079 *
20150422_20151031     1.4  192   0.056   0.062 *
20150516_20151031     0.4  168   0.092   0.069 *
20150727_20151031     0.8   96   0.729   0.085 
20150727_20151124    -0.8  120   0.163   0.078 *
20151031_20151124    -1.6   24   0.895   0.121 
20151031_20151218    -0.5   48   0.105   0.073 *
20151031_20160204     0.0   96   0.078   0.068 *
20151124_20151218     1.2   24   0.154   0.079 *
20151124_20160204     1.7   72   0.088   0.070 *
20151218_20160111    -0.2   24   0.799   0.089 
20151218_20160228    -1.0   72   0.145   0.082 *
20151218_20160323    -0.1   96   0.107   0.075 *
20160111_20160204     0.8   24   0.768   0.086 
20160111_20160323     0.1   72   0.151   0.079 *
20160204_20160228    -1.5   24   0.803   0.094 
20160204_20160416    -0.8   72   0.132   0.076 *
20160204_20160510     0.2   96   0.129   0.077 *
20160228_20160323     0.8   24   0.815   0.092 
20160228_20160510     1.7   72   0.158   0.081 *
20160323_20160416    -0.2   24   0.811   0.089 
20160323_20160603    -0.8   72   0.144   0.078 *
20160323_20160627     0.4   96   0.134   0.078 *
20160416_20160510     1.0   24   0.818   0.089 
20160416_20160627     0.5   72   0.140   0.077 *
20160416_20160721     0.1   96   0.128   0.075 *
20160510_20160603    -1.7   24   0.784   0.085 
20160510_20160721    -0.9   72   0.146   0.079 *
20160603_20160627     1.2   24   0.793   0.086 
20160603_20160814     1.6   72   0.167   0.080 *
20160603_20160907    -0.1   96   0.141   0.077 *
20160627_20160721    -0.4   24   0.846   0.095 
20160627_20160907    -1.3   72   0.121   0.075 *
20160721_20160814     0.8   24   0.840   0.089 
20160721_20161001     0.4   72   0.135   0.075 *
20160721_20161025    -0.4   96   0.132   0.076 *
20160814_20160907    -1.7   24   0.854   0.095 
20160814_20161025    -1.2   72   0.145   0.075 *
20160907_20161001     1.2   24   0.803   0.091 
20160907_20161118     1.6   72   0.121   0.073 *
20160907_20161212     0.2   96   0.116   0.072 *
20160907_20170330     1.6  204   0.087   0.064 *
20161001_20161025    -0.8   24   0.772   0.086 
20161001_20161212    -1.0   72   0.140   0.076 *
20161025_20161118     1.2   24   0.801   0.089 
20161025_20170105     1.0   72   0.141   0.077 *
20161025_20170129     0.3   96   0.124   0.076 *
20161118_20170105    -0.2   48   0.162   0.082 *
20161212_20170105     1.2   24   0.813   0.091 
20161212_20170129     0.5   48   0.173   0.083 *
20161212_20170210     1.2   60   0.007   0.029 *
20161212_20170222     0.0   72   0.140   0.079 *
20170105_20170129    -0.7   24   0.280   0.096 *
20170105_20170210     0.1   36   0.007   0.030 *
20170105_20170222    -1.2   48   0.161   0.084 *
20170105_20170306    -0.4   60   0.627   0.077 
20170129_20170210     0.8   12   0.910   0.114 
20170129_20170222    -0.5   24   0.006   0.029 *
20170129_20170306     0.3   36   0.166   0.082 *
20170210_20170222    -1.2   12   0.865   0.105 
20170210_20170306    -0.5   24   0.177   0.084 *
20170210_20170318    -0.9   36   0.183   0.087 *
20170222_20170306     0.7   12   0.890   0.101 
20170222_20170330     1.4   36   0.151   0.078 *
20170306_20170318    -0.4   12   0.843   0.099 
20170306_20170330     0.6   24   0.215   0.083 *
20170306_20170728     0.0  144   0.588   0.069 
20170306_20170809    -0.2  156   0.581   0.068 
20170306_20170821     0.9  168   0.581   0.069 
20170318_20170330     1.1   12   0.943   0.109 
20170318_20170411    -0.6   24   0.686   0.094 
20170318_20170505     0.8   48   0.524   0.085 
20170330_20170411    -1.7   12   0.890   0.116 
20170330_20170505    -0.2   36   0.539   0.084 
20170330_20170517    -0.8   48   0.476   0.078 
20170411_20170505     1.4   24   0.666   0.093 
20170411_20170517     0.8   36   0.518   0.080 
20170411_20170622     1.6   72   0.489   0.080 
20170505_20170517    -0.6   12   0.799   0.102 
20170505_20170622     0.2   48   0.527   0.084 
20170505_20170728    -0.4   84   0.455   0.078 
20170517_20170622     0.8   36   0.543   0.080 
20170517_20170728     0.2   72   0.505   0.078 
20170517_20170809     0.0   84   0.508   0.080 
20170622_20170728    -0.6   36   0.649   0.090 
20170622_20170809    -0.8   48   0.543   0.082 
20170704_20170728     1.1   24   0.747   0.098 
20170704_20170809     0.8   36   0.709   0.094 
20170704_20170821     1.9   48   0.691   0.091 
20170704_20170902     0.5   60   0.670   0.088 
20170728_20170809    -0.2   12   0.940   0.133 
20170728_20170821     0.8   24   0.771   0.102 
20170728_20170902    -0.6   36   0.716   0.092 
20170728_20170914     0.2   48   0.681   0.086 
20170809_20170821     1.1   12   0.902   0.145 
20170809_20170902    -0.4   24   0.801   0.115 
20170809_20170914     0.4   36   0.734   0.101 
20170809_20170926     0.1   48   0.711   0.095 
20170821_20170902    -1.4   12   0.924   0.158 
20170821_20170914    -0.6   24   0.819   0.120 
20170821_20170926    -1.0   36   0.746   0.102 
20170821_20171008    -0.0   48   0.704   0.095 
20170902_20170914     0.8   12   0.934   0.162 
20170902_20170926     0.5   24   0.814   0.118 
20170902_20171008     1.4   36   0.735   0.102 
20170902_20171020    -0.3   48   0.704   0.097 
20170902_20180301     0.1  180   0.594   0.070 
20170902_20180313     1.1  192   0.583   0.067 
20170902_20180605     0.2  276   0.602   0.072 
20170902_20180617     1.3  288   0.602   0.072 
20170902_20180629    -0.3  300   0.603   0.072 
20170902_20180909    -0.2  372   0.606   0.071 
20170902_20180921     0.7  384   0.605   0.071 
20170914_20170926    -0.3   12   0.901   0.147 
20170914_20171008     0.6   24   0.773   0.112 
20170914_20171020    -1.1   36   0.726   0.101 
20170914_20171101    -0.2   48   0.705   0.098 
20170914_20180301    -0.7  168   0.592   0.070 
20170914_20180313     0.3  180   0.585   0.066 
20170914_20180605    -0.6  264   0.603   0.072 
20170914_20180617     0.5  276   0.599   0.071 
20170914_20180909    -1.0  360   0.608   0.071 
20170914_20180921    -0.1  372   0.603   0.072 
20170926_20171008     0.9   12   0.892   0.151 
20170926_20171020    -0.8   24   0.769   0.110 
20170926_20171101     0.1   36   0.712   0.098 
20170926_20171113    -0.3   48   0.657   0.083 
20170926_20180301    -0.3  156   0.591   0.069 
20170926_20180313     0.7  168   0.596   0.070 
20170926_20180325    -0.6  180   0.593   0.070 
20170926_20180605    -0.3  252   0.593   0.069 
20170926_20180617     0.9  264   0.594   0.069 
20170926_20180909    -0.6  348   0.593   0.068 
20171008_20171020    -1.7   12   0.875   0.140 
20171008_20171101    -0.8   24   0.767   0.110 
20171008_20171113    -1.2   36   0.686   0.089 
20171008_20171207    -0.3   60   0.625   0.077 
20171020_20171101     0.8   12   0.877   0.141 
20171020_20171113     0.5   24   0.700   0.090 
20171020_20171207     1.4   48   0.627   0.077 
20171020_20171219     0.0   60   0.614   0.074 
20171101_20171113    -0.4   12   0.763   0.101 
20171101_20171207     0.6   36   0.635   0.077 
20171101_20171219    -0.8   48   0.614   0.073 
20171101_20171231     0.1   60   0.611   0.071 
20171113_20171207     0.9   24   0.693   0.091 
20171113_20171219    -0.5   36   0.670   0.091 
20171113_20171231     0.5   48   0.651   0.086 
20171113_20180112     0.0   60   0.633   0.079 
20171207_20171219    -1.4   12   0.793   0.107 
20171207_20180112    -0.9   36   0.665   0.087 
20171207_20180124     0.3   48   0.648   0.083 
20171219_20180112     0.5   24   0.696   0.091 
20171219_20180124     1.7   36   0.679   0.095 
20171219_20180205    -0.2   48   0.650   0.085 
20171231_20180112    -0.4   12   0.766   0.103 
20171231_20180124     0.8   24   0.688   0.094 
20171231_20180205    -1.1   36   0.653   0.085 
20171231_20180217     0.1   48   0.650   0.085 
20180112_20180124     1.2   12   0.785   0.106 
20180112_20180205    -0.7   24   0.696   0.092 
20180112_20180217     0.6   36   0.659   0.085 
20180112_20180301    -0.1   48   0.652   0.084 
20180124_20180205    -1.9   12   0.798   0.114 
20180124_20180217    -0.7   24   0.714   0.101 
20180124_20180301    -1.3   36   0.660   0.085 
20180124_20180313    -0.3   48   0.667   0.092 
20180205_20180217     1.2   12   0.797   0.111 
20180205_20180301     0.6   24   0.699   0.092 
20180205_20180313     1.6   36   0.668   0.090 
20180205_20180325     0.3   48   0.642   0.080 
20180217_20180301    -0.6   12   0.799   0.108 
20180217_20180313     0.4   24   0.717   0.101 
20180217_20180325    -0.9   36   0.659   0.083 
20180217_20180406     0.3   48   0.654   0.084 
20180301_20180313     1.0   12   0.794   0.110 
20180301_20180325    -0.3   24   0.716   0.096 
20180301_20180406     0.9   36   0.669   0.087 
20180301_20180418     0.1   48   0.638   0.080 
20180301_20180605     0.0   96   0.625   0.078 
20180301_20180617     1.2  108   0.620   0.077 
20180301_20180629    -0.4  120   0.620   0.077 
20180301_20180909    -0.3  192   0.596   0.071 
20180301_20180921     0.6  204   0.599   0.071 
20180301_20190308     1.1  372   0.584   0.067 
20180301_20190320    -0.4  384   0.583   0.066 
20180313_20180325    -1.3   12   0.785   0.107 
20180313_20180406    -0.1   24   0.703   0.094 
20180313_20180418    -0.9   36   0.673   0.090 
20180313_20180430     0.3   48   0.637   0.078 
20180313_20180605    -1.0   84   0.624   0.076 
20180313_20180617     0.2   96   0.615   0.074 
20180313_20180909    -1.3  180   0.588   0.068 
20180313_20180921    -0.4  192   0.594   0.068 
20180313_20190308     0.1  360   0.585   0.068 
20180325_20180406     1.2   12   0.809   0.111 
20180325_20180418     0.4   24   0.691   0.091 
20180325_20180430     1.6   36   0.674   0.089 
20180325_20180512     0.1   48   0.649   0.085 
20180325_20180605     0.3   72   0.643   0.084 
20180325_20180629    -0.1   96   0.637   0.083 
20180325_20180909     0.0  168   0.609   0.075 
20180325_20180921     0.9  180   0.608   0.075 
20180325_20190308     1.4  348   0.583   0.068 
20180325_20190320    -0.1  360   0.579   0.065 
20180406_20180418    -0.7   12   0.802   0.111 
20180406_20180430     0.4   24   0.688   0.089 
20180406_20180512    -1.1   36   0.651   0.082 
20180406_20180524    -0.1   48   0.648   0.083 
20180418_20180430     1.1   12   0.786   0.105 
20180418_20180512    -0.4   24   0.679   0.086 
20180418_20180524     0.7   36   0.672   0.087 
20180418_20180605    -0.1   48   0.647   0.082 
20180430_20180512    -1.5   12   0.840   0.120 
20180430_20180524    -0.5   24   0.720   0.095 
20180430_20180605    -1.2   36   0.699   0.094 
20180430_20180617    -0.1   48   0.677   0.090 
20180512_20180524     1.1   12   0.828   0.120 
20180512_20180605     0.3   24   0.751   0.103 
20180512_20180617     1.4   36   0.707   0.096 
20180512_20180629    -0.2   48   0.688   0.093 
20180524_20180605    -0.8   12   0.845   0.124 
20180524_20180617     0.4   24   0.742   0.101 
20180524_20180629    -1.3   36   0.708   0.096 
20180524_20180723    -0.3   60   0.670   0.087 
20180605_20180617     1.1   12   0.892   0.139 
20180605_20180629    -0.5   24   0.771   0.109 
20180605_20180723     0.5   48   0.701   0.095 
20180605_20180804    -0.0   60   0.680   0.091 
20180605_20180909    -0.3   96   0.652   0.085 
20180605_20180921     0.5  108   0.653   0.085 
20180605_20190320    -0.4  288   0.583   0.066 
20180617_20180629    -1.6   12   0.851   0.129 
20180617_20180723    -0.7   36   0.731   0.101 
20180617_20180804    -1.2   48   0.701   0.095 
20180617_20180816    -0.1   60   0.698   0.094 
20180617_20180909    -1.5   84   0.662   0.087 
20180617_20180921    -0.6   96   0.660   0.087 
20180617_20190308    -0.1  264   0.593   0.069 
20180617_20190320    -1.6  276   0.581   0.066 
20180629_20180723     1.0   24   0.786   0.113 
20180629_20180804     0.4   36   0.722   0.101 
20180629_20180816     1.5   48   0.713   0.098 
20180629_20180909     0.1   72   0.674   0.090 
20180629_20180921     1.0   84   0.669   0.089 
20180629_20190308     1.5  252   0.588   0.070 
20180629_20190320     0.1  264   0.586   0.067 
20180723_20180804    -0.5   12   0.963   0.145 
20180723_20180816     0.5   24   0.827   0.125 
20180723_20180909    -0.8   48   0.825   0.102 
20180723_20180921     0.0   60   0.716   0.100 
20180804_20180816     1.1   12   0.919   0.159 
20180804_20180909    -0.3   36   0.874   0.111 
20180804_20180921     0.6   48   0.737   0.105 
20180804_20181003     0.3   60   0.716   0.100 
20180816_20180909    -1.4   24   0.854   0.133 
20180816_20180921    -0.5   36   0.801   0.121 
20180816_20181003    -0.8   48   0.764   0.112 
20180816_20181015     0.2   60   0.729   0.104 
20180909_20180921     0.9   12   0.929   0.169 
20180909_20181003     0.6   24   0.849   0.135 
20180909_20181015     1.5   36   0.785   0.116 
20180909_20181027     0.1   48   0.749   0.107 
20180909_20190308     1.4  180   0.592   0.070 
20180909_20190320    -0.1  192   0.581   0.066 
20180921_20181003    -0.3   12   0.978   0.184 
20180921_20181015     0.7   24   0.888   0.138 
20180921_20181027    -0.8   36   0.811   0.120 
20180921_20181108     0.1   48   0.727   0.101 
20180921_20190308     0.5  168   0.599   0.071 
20180921_20190320    -0.9  180   0.587   0.067 
20181003_20181015     0.9   12   0.953   0.176 
20181003_20181027    -0.5   24   0.868   0.138 
20181003_20181108     0.3   36   0.735   0.107 
20181003_20181120     0.1   48   0.718   0.107 
20181015_20181027    -1.4   12   0.934   0.174 
20181015_20181108    -0.6   24   0.761   0.113 
20181015_20181120    -0.8   36   0.689   0.108 
20181015_20181202    -0.2   48   0.655   0.082 
20181027_20181108     0.8   12   0.875   0.138 
20181027_20181120     0.6   24   0.704   0.115 
20181027_20181202     1.3   36   0.675   0.087 
20181027_20181214    -0.4   48   0.643   0.079 
20181108_20181120    -0.2   12   0.867   0.136 
20181202_20181226    -0.6   24   0.706   0.094 
20181202_20190107    -1.0   36   0.665   0.085 
20181202_20190119     0.1   48   0.661   0.088 
20181214_20181226     1.1   12   0.800   0.114 
20181214_20190107     0.7   24   0.699   0.092 
20181214_20190119     1.8   36   0.678   0.092 
20181214_20190131     0.2   48   0.650   0.085 
20181226_20190107    -0.4   12   0.794   0.111 
20181226_20190119     0.8   24   0.696   0.092 
20181226_20190131    -0.9   36   0.665   0.088 
20181226_20190212     0.2   48   0.646   0.084 
20190107_20190119     1.2   12   0.787   0.109 
20190107_20190131    -0.5   24   0.690   0.091 
20190107_20190212     0.6   36   0.661   0.087 
20190107_20190224     0.3   48   0.644   0.083 
20190119_20190131    -1.7   12   0.804   0.116 
20190119_20190212    -0.5   24   0.713   0.100 
20190119_20190224    -0.9   36   0.675   0.090 
20190119_20190308    -0.2   48   0.661   0.087 
20190131_20190212     1.1   12   0.803   0.115 
20190131_20190224     0.8   24   0.702   0.094 
20190131_20190308     1.5   36   0.672   0.090 
20190131_20190320     0.1   48   0.661   0.090 
20190212_20190224    -0.3   12   0.791   0.111 
20190212_20190308     0.4   24   0.700   0.093 
20190212_20190320    -1.1   36   0.679   0.094 
20190212_20190401     0.1   48   0.654   0.084 
20190224_20190308     0.7   12   0.796   0.114 
20190224_20190320    -0.7   24   0.704   0.097 
20190224_20190401     0.5   36   0.671   0.088 
20190308_20190401    -0.3   24   0.701   0.095 
20190308_20190413    -1.0   36   0.659   0.088 
20190320_20190413     0.4   24   0.708   0.101 
20190320_20190425     1.4   36   0.653   0.083 
20190320_20190507     0.1   48   0.652   0.085 
20190401_20190413    -0.7   12   0.829   0.098 
20190401_20190425     0.2   24   0.693   0.097 
20190401_20190507    -1.1   36   0.546   0.087 
20190401_20190519    -0.4   48   0.653   0.087 
20190413_20190425     0.9   12   0.801   0.095 
20190413_20190507    -0.3   24   0.610   0.087 
20190413_20190531     0.2   48   0.457   0.076 
20190425_20190507    -1.3   12   0.792   0.106 
20190425_20190531    -0.7   36   0.628   0.092 
20190507_20190519     0.7   12   0.802   0.111 
20190507_20190531     0.6   24   0.647   0.093 
20190519_20190531    -0.1   12   0.849   0.126 
20190531_20190706    -0.7   36   0.000     nan *
20190531_20190718     0.5   48   0.709   0.098 
20190612_20190706    -1.7   24   0.000     nan *
20190612_20190718    -0.6   36   0.777   0.104 
20190612_20190730    -1.3   48   0.708   0.100 
20190706_20190718     1.1   12   0.000     nan *
20190706_20190730     0.4   24   0.000     nan *
20190706_20190811     1.3   36   0.000     nan *
20190718_20190730    -0.7   12   0.981   0.166 
20190718_20190811     0.1   24   0.939   0.134 
20190718_20190823    -1.4   36   0.860   0.119 
20190730_20190811     0.9   12   0.965   0.166 
20190730_20190823    -0.7   24   0.906   0.133 
20190730_20190904     0.6   36   0.857   0.121 
20190811_20190823    -1.5   12   0.983   0.180 
20190811_20190904    -0.3   24   0.949   0.144 
20190811_20190916    -0.6   36   0.899   0.127 
20190823_20190904     1.3   12   0.983   0.183 
20190823_20190916     0.9   24   0.939   0.145 
20190823_20190928     1.7   36   0.896   0.132 
20190904_20190916    -0.3   12   0.992   0.191 
20190904_20190928     0.5   24   0.948   0.150 
20190904_20191010    -1.2   36   0.892   0.131 
20190916_20190928     0.8   12   0.978   0.188 
20190916_20191010    -0.9   24   0.956   0.153 
20190916_20191022     0.3   36   0.914   0.138 
20190928_20191010    -1.6   12   0.971   0.181 
20190928_20191022    -0.5   24   0.928   0.150 
20190928_20191103    -1.2   36   0.799   0.117 
20191010_20191022     1.2   12   0.989   0.204 
20191010_20191103     0.4   24   0.828   0.125 
20191010_20191115     1.5   36   0.836   0.125 
20191010_20191127     0.3   48   0.752   0.109 
20191022_20191103    -0.8   12   0.886   0.151 
20191022_20191115     0.3   24   0.886   0.140 
20191022_20191127    -0.9   36   0.789   0.118 
20191022_20191209     0.1   48   0.628   0.098 
20191103_20191115     1.1   12   0.901   0.159 
20191103_20191127    -0.1   24   0.824   0.125 
20191103_20191209     0.9   36   0.733   0.104 
20191115_20191127    -1.2   12   0.928   0.167 
20191115_20191209    -0.2   24   0.751   0.112 
20191115_20191221    -0.6   36   0.626   0.096 
20191127_20191209     1.0   12   0.892   0.130 
20191127_20191221     0.5   24   0.710   0.104 
20191209_20191221    -0.5   12   0.884   0.124 
20191209_20200102     0.4   24   0.638   0.092 
20191209_20200114    -1.0   36   0.511   0.082 
20191209_20200126    -0.2   48   0.520   0.084 
20191221_20200102     0.8   12   0.825   0.107 
20191221_20200114    -0.5   24   0.638   0.093 
20191221_20200126     0.3   36   0.540   0.084 
20191221_20200207    -0.4   48   0.512   0.083 
20200102_20200114    -1.4   12   0.841   0.112 
20200102_20200126    -0.6   24   0.705   0.099 
20200102_20200207    -1.2   36   0.670   0.100 
20200114_20200126     0.8   12   0.852   0.109 
20200114_20200207     0.2   24   0.677   0.096 
20200126_20200207    -0.7   12   0.875   0.116 
20200126_20200219     0.3   24   0.660   0.095 
20200207_20200219     1.0   12   0.861   0.119 
20200207_20200302    -0.5   24   0.680   0.099 
20200207_20200314     0.6   36   0.569   0.089 
20200207_20200326    -0.0   48   0.545   0.090 
20200219_20200302    -1.5   12   0.839   0.113 
20200219_20200314    -0.3   24   0.623   0.093 
20200219_20200326    -1.0   36   0.571   0.092 
20200219_20200407     0.1   48   0.586   0.093 
20200302_20200314     1.2   12   0.892   0.117 
20200302_20200326     0.5   24   0.701   0.099 
20200302_20200407     1.6   36   0.641   0.096 
20200302_20200419     0.4   48   0.557   0.088 
20200314_20200326    -0.7   12   0.849   0.114 
20200314_20200407     0.5   24   0.687   0.099 
20200314_20200419    -0.8   36   0.599   0.091 
20200314_20200501     0.1   48   0.542   0.086 
20200326_20200407     1.1   12   0.894   0.120 
20200326_20200419    -0.1   24   0.692   0.097 
20200326_20200501     0.7   36   0.580   0.090 
20200407_20200419    -1.2   12   0.887   0.114 
20200407_20200501    -0.4   24   0.675   0.094 
20200407_20200513    -0.9   36   0.600   0.090 
20200407_20200525    -0.1   48   0.548   0.086 
20200419_20200501     0.8   12   0.867   0.117 
20200419_20200513     0.4   24   0.696   0.098 
20200419_20200525     1.1   36   0.604   0.091 
20200501_20200513    -0.5   12   0.874   0.123 
20200501_20200525     0.3   24   0.741   0.104 
20200501_20200606    -0.9   36   0.630   0.094 
20200501_20200618     0.0   48   0.574   0.090 
20200513_20200525     0.8   12   0.876   0.122 
20200513_20200606    -0.4   24   0.719   0.100 
20200513_20200618     0.5   36   0.620   0.094 
20200513_20200630    -0.3   48   0.599   0.092 
20200525_20200606    -1.2   12   0.884   0.120 
20200525_20200618    -0.3   24   0.705   0.100 
20200525_20200630    -1.1   36   0.676   0.098 
20200525_20200712     0.4   48   0.646   0.095 
20200606_20200618     0.9   12   0.862   0.119 
20200606_20200630     0.1   24   0.772   0.103 
20200606_20200712     1.6   36   0.690   0.097 
20200606_20200724    -0.1   48   0.586   0.091 
20200618_20200630    -0.8   12   0.900   0.125 
20200618_20200712     0.7   24   0.772   0.104 
20200618_20200724    -1.0   36   0.637   0.096 
20200618_20200805     0.1   48   0.592   0.091 
20200630_20200712     1.5   12   0.959   0.139 
20200630_20200724    -0.2   24   0.814   0.109 
20200630_20200817     0.3   48   0.803   0.097 
20200712_20200724    -1.7   12   0.941   0.137 
20200712_20200805    -0.6   24   0.864   0.114 
20200712_20200817    -1.1   36   0.857   0.104 
20200712_20200829    -0.1   48   0.809   0.096 
20200724_20200805     1.0   12   0.957   0.147 
20200724_20200817     0.5   24   0.904   0.114 
20200724_20200829     1.5   36   0.859   0.105 
20200724_20200910    -0.2   48   0.805   0.099 
20200805_20200817    -0.5   12   0.966   0.140 
20200805_20200829     0.5   24   0.924   0.117 
20200805_20200910    -1.3   36   0.861   0.106 
20200805_20200922    -0.3   48   0.772   0.093 
20200817_20200829     1.0   12   0.971   0.142 
20200817_20200910    -0.8   24   0.896   0.112 
20200817_20200922     0.2   36   0.805   0.098 
20200829_20200910    -1.8   12   0.985   0.151 
20200829_20200922    -0.8   24   0.873   0.111 
20200829_20201016    -0.2   48   0.791   0.097 
20200910_20200922     1.0   12   0.940   0.140 
20200910_20201004     0.6   24   0.894   0.115 
20200910_20201016     1.6   36   0.821   0.102 
20200910_20201028     0.0   48   0.235   0.089 *
20200922_20201004    -0.4   12   0.959   0.151 
20200922_20201016     0.6   24   0.860   0.111 
20200922_20201028    -0.9   36   0.783   0.099 
20201004_20201016     1.0   12   0.962   0.138 
20201004_20201028    -0.5   24   0.839   0.104 
20201004_20201109     0.8   36   0.756   0.092 
20201004_20201121    -0.1   48   0.171   0.085 *
20201016_20201028    -1.6   12   0.922   0.124 
20201016_20201109    -0.2   24   0.813   0.099 
20201016_20201121    -1.2   36   0.178   0.084 *
20201028_20201109     1.4   12   0.889   0.104 
20201028_20201121     0.4   24   0.799   0.096 
20201028_20201203     1.6   36   0.761   0.091 
20201028_20201215     0.3   48   0.198   0.090 *
20201109_20201121    -1.0   12   0.862   0.100 
20201109_20201203     0.2   24   0.756   0.089 
20201121_20201203     1.2   12   0.949   0.116 
20201121_20201215    -0.1   24   0.808   0.100 
20201121_20201227     0.9   36   0.194   0.088 *
20201203_20201215    -1.3   12   0.925   0.115 
20201203_20201227    -0.3   24   0.802   0.097 
20201203_20210108    -1.1   36   0.236   0.094 *
20201215_20201227     1.0   12   0.935   0.119 
20201215_20210108     0.2   24   0.838   0.107 
20201215_20210201     0.0   48   0.251   0.097 *
20201227_20210108    -0.9   12   0.908   0.115 
20210108_20210120     1.3   12   0.915   0.118 
20210108_20210225     0.0   48   0.205   0.092 *
20210120_20210201    -1.5   12   0.909   0.115 
20210120_20210309     0.1   48   0.211   0.091 *
20210201_20210213     1.1   12   0.931   0.122 
20210201_20210321    -0.2   48   0.206   0.090 *
20210213_20210225    -0.9   12   0.931   0.123 
20210213_20210321    -1.3   36   0.242   0.095 *
20210225_20210309     1.3   12   0.946   0.125 
20210225_20210321    -0.4   24   0.825   0.101 
20210225_20210402     0.5   36   0.685   0.096 
20210225_20210414     0.0   48   0.663   0.090 
20210309_20210321    -1.7   12   0.959   0.124 
20210309_20210402    -0.8   24   0.723   0.102 
20210309_20210414    -1.3   36   0.685   0.096 
20210309_20210426    -0.0   48   0.666   0.088 
20210309_20210613    -0.2   96   0.635   0.080 
20210309_20210625    -1.8  108   0.648   0.086 
20210321_20210402     0.9   12   0.826   0.123 
20210321_20210414     0.4   24   0.720   0.102 
20210321_20210426     1.7   36   0.683   0.093 
20210321_20210508    -0.2   48   0.653   0.086 
20210321_20210601     0.5   72   0.649   0.086 
20210321_20210613     1.6   84   0.640   0.084 
20210321_20210625    -0.1   96   0.652   0.087 
20210402_20210414    -0.5   12   0.823   0.121 
20210402_20210426     0.8   24   0.719   0.100 
20210402_20210508    -1.1   36   0.668   0.089 
20210402_20210520    -0.1   48   0.663   0.090 
20210414_20210426     1.3   12   0.820   0.122 
20210414_20210508    -0.6   24   0.715   0.098 
20210414_20210520     0.4   36   0.686   0.094 
20210414_20210601     0.0   48   0.671   0.092 
20210426_20210508    -1.9   12   0.828   0.124 
20210426_20210520    -0.9   24   0.742   0.106 
20210426_20210601    -1.2   36   0.702   0.099 
20210426_20210613    -0.1   48   0.678   0.094 
20210508_20210520     1.0   12   0.854   0.130 
20210508_20210601     0.6   24   0.758   0.110 
20210508_20210613     1.7   36   0.715   0.102 
20210508_20210625     0.1   48   0.664   0.088 
20210520_20210601    -0.4   12   0.842   0.128 
20210520_20210613     0.7   24   0.751   0.108 
20210520_20210625    -0.9   36   0.692   0.094 
20210520_20210707     0.2   48   0.683   0.095 
20210601_20210613     1.1   12   0.877   0.138 
20210601_20210625    -0.5   24   0.735   0.101 
20210601_20210707     0.6   36   0.709   0.101 
20210601_20210719     0.0   48   0.683   0.096 
20210613_20210625    -1.6   12   0.812   0.117 
20210613_20210707    -0.5   24   0.747   0.108 
20210613_20210719    -1.1   36   0.712   0.102 
20210613_20210731     0.2   48   0.681   0.095 
20210625_20210707     1.1   12   0.853   0.127 
20210625_20210719     0.6   24   0.746   0.101 
20210625_20210731     1.8   36   0.694   0.093 
20210625_20210812    -0.1   48   0.682   0.094 
20210707_20210719    -0.6   12   0.889   0.140 
20210707_20210731     0.7   24   0.764   0.109 
20210707_20210812    -1.3   36   0.721   0.102 
20210707_20210824    -0.1   48   0.705   0.101 
20210719_20210731     1.3   12   0.869   0.135 
20210719_20210812    -0.7   24   0.773   0.111 
20210719_20210824     0.5   36   0.730   0.105 
20210731_20210812    -1.9   12   0.871   0.136 
20210731_20210824    -0.7   24   0.774   0.112 
20210731_20210905    -1.4   36   0.730   0.104 
20210731_20210929    -0.0   60   0.677   0.094 
20210812_20210824     1.2   12   0.874   0.139 
20210812_20210905     0.5   24   0.784   0.115 
20210812_20210929     1.9   48   0.691   0.097 
20210824_20210905    -0.7   12   0.899   0.149 
20210824_20210929     0.7   36   0.729   0.107 
20210905_20210929     1.4   24   0.760   0.114 
20210905_20211011    -0.3   36   0.723   0.107 
20210905_20211023     0.6   48   0.704   0.102 
20210929_20211011    -1.7   12   0.890   0.148 
20210929_20211023    -0.8   24   0.784   0.121 
20210929_20211116    -1.3   48   0.662   0.086 
20210929_20211128    -0.2   60   0.645   0.083 
20210929_20220304    -0.0  156   0.609   0.075 
20210929_20220316    -1.9  168   0.427   0.063 
20210929_20220328    -0.4  180   0.439   0.065 
20210929_20220608    -0.1  252   0.000     nan *
20211011_20211023     0.9   12   0.877   0.147 
20211011_20211116     0.3   36   0.666   0.087 
20211011_20211128     1.4   48   0.644   0.083 
20211011_20211210    -0.1   60   0.650   0.086 
20211023_20211116    -0.6   24   0.679   0.090 
20211023_20211128     0.5   36   0.652   0.085 
20211023_20211210    -1.0   48   0.655   0.087 
20211023_20211222     0.0   60   0.632   0.081 
20211116_20211128     1.1   12   0.830   0.130 
20211116_20211210    -0.4   24   0.708   0.098 
20211116_20211222     0.6   36   0.678   0.094 
20211116_20220103     0.1   48   0.663   0.090 
20211128_20211210    -1.5   12   0.795   0.114 
20211128_20211222    -0.5   24   0.698   0.098 
20211128_20220103    -1.0   36   0.675   0.093 
20211128_20220115     0.1   48   0.677   0.100 
20211210_20211222     1.0   12   0.790   0.114 
20211210_20220103     0.5   24   0.709   0.099 
20211210_20220115     1.6   36   0.668   0.091 
20211210_20220127    -0.1   48   0.653   0.088 
20211222_20220103    -0.5   12   0.827   0.125 
20211222_20220115     0.6   24   0.715   0.101 
20211222_20220127    -1.1   36   0.680   0.094 
20211222_20220208     0.1   48   0.662   0.091 
20220103_20220115     1.1   12   0.790   0.115 
20220103_20220127    -0.6   24   0.702   0.098 
20220103_20220208     0.6   36   0.671   0.093 
20220103_20220220     0.2   48   0.653   0.088 
20220115_20220127    -1.7   12   0.810   0.119 
20220115_20220208    -0.5   24   0.718   0.106 
20220115_20220220    -0.9   36   0.669   0.093 
20220115_20220304     0.2   48   0.670   0.096 
20220127_20220208     1.2   12   0.810   0.121 
20220127_20220220     0.8   24   0.706   0.101 
20220127_20220304     1.8   36   0.681   0.096 
20220127_20220316    -0.0   48   0.488   0.083 
20220208_20220220    -0.4   12   0.801   0.119 
20220208_20220304     0.7   24   0.721   0.106 
20220208_20220316    -1.2   36   0.494   0.087 
20220208_20220328     0.3   48   0.491   0.087 
20220220_20220304     1.1   12   0.799   0.116 
20220220_20220316    -0.8   24   0.497   0.084 
20220220_20220328     0.6   36   0.485   0.083 
20220220_20220409     0.1   48   0.480   0.080 
20220304_20220316    -1.9   12   0.563   0.104 
20220304_20220328    -0.4   24   0.513   0.093 
20220304_20220409    -1.0   36   0.488   0.083 
20220304_20220608    -0.1   96   0.000     nan *
20220316_20220328     1.5   12   0.579   0.112 
20220316_20220409     0.9   24   0.515   0.088 
20220316_20220421     1.6   36   0.494   0.084 
20220316_20220503     0.2   48   0.475   0.078 
20220316_20220608     1.8   84   0.000     nan *
20220328_20220409    -0.6   12   0.579   0.107 
20220328_20220421     0.2   24   0.527   0.093 
20220328_20220503    -1.2   36   0.482   0.081 
20220328_20220515     0.0   48   0.482   0.080 
20220328_20220608     0.3   72   0.000     nan *
20220409_20220421     0.7   12   0.595   0.111 
20220409_20220503    -0.7   24   0.519   0.089 
20220409_20220515     0.6   36   0.503   0.085 
20220409_20220527    -0.2   48   0.488   0.082 
20220409_20220702     0.4   84   0.468   0.077 
20220409_20220714    -0.1   96   0.466   0.076 
20220409_20220726     1.0  108   0.007   0.031 *
20220421_20220503    -1.4   12   0.584   0.108 
20220421_20220515    -0.2   24   0.528   0.091 
20220421_20220527    -0.9   36   0.506   0.087 
20220421_20220608     0.1   48   0.000     nan *
20220503_20220515     1.2   12   0.575   0.106 
20220503_20220527     0.5   24   0.512   0.086 
20220503_20220608     1.5   36   0.000     nan *
20220503_20220620     0.1   48   0.488   0.082 
20220515_20220527    -0.8   12   0.581   0.104 
20220515_20220608     0.3   24   0.000     nan *
20220515_20220620    -1.1   36   0.506   0.087 
20220515_20220702    -0.2   48   0.485   0.080 
20220515_20220714    -0.7   60   0.485   0.082 
20220515_20220726     0.4   72   0.007   0.031 *
20220515_20220807    -1.3   84   0.008   0.033 *
20220527_20220608     1.1   12   0.000     nan *
20220527_20220620    -0.4   24   0.533   0.093 
20220527_20220702     0.6   36   0.499   0.085 
20220527_20220714     0.1   48   0.490   0.082 
20220608_20220620    -1.4   12   0.000     nan *
20220608_20220702    -0.5   24   0.000     nan *
20220608_20220714    -1.0   36   0.000     nan *
20220620_20220702     1.0   12   0.605   0.112 
20220620_20220714     0.4   24   0.542   0.096 
20220702_20220714    -0.6   12   0.612   0.114 
20220702_20220726     0.6   24   0.006   0.029 *
20220702_20220807    -1.1   36   0.008   0.031 *
20220702_20220819    -0.2   48   0.494   0.081 
20220714_20220726     1.1   12   0.008   0.031 *
20220714_20220807    -0.6   24   0.009   0.034 *
20220714_20220819     0.3   36   0.516   0.090 
20220714_20220831    -0.1   48   0.008   0.033 *
20220726_20220807    -1.7   12   0.026   0.107 *
20220726_20220819    -0.8   24   0.007   0.030 *
20220726_20220831    -1.2   36   0.021   0.089 *
20220726_20220912    -0.4   48   0.020   0.082 *
20220807_20220819     0.9   12   0.009   0.033 *
20220807_20220831     0.5   24   0.022   0.095 *
20220807_20220912     1.3   36   0.020   0.084 *
20220807_20220924    -0.2   48   0.009   0.034 *
20220819_20220831    -0.4   12   0.008   0.032 *
20220819_20220912     0.4   24   0.007   0.031 *
20220819_20220924    -1.1   36   0.698   0.097 
20220819_20221006     0.2   48   0.678   0.092 
20220831_20220912     0.9   12   0.025   0.121 *
20220831_20220924    -0.6   24   0.008   0.033 *
20220831_20221006     0.6   36   0.007   0.031 *
20220831_20221018    -0.1   48   0.007   0.031 *
20220912_20220924    -1.5   12   0.007   0.032 *
20220912_20221006    -0.2   24   0.007   0.031 *
20220912_20221018    -0.9   36   0.007   0.031 *
20220912_20221030     0.4   48   0.005   0.028 *
20220924_20221006     1.3   12   0.838   0.125 
20220924_20221018     0.5   24   0.715   0.100 
20220924_20221030     1.9   36   0.659   0.089 
20220924_20221111     0.3   48   0.650   0.086 
20221006_20221018    -0.7   12   0.868   0.142 
20221006_20221030     0.6   24   0.709   0.096 
20221006_20221111    -0.9   36   0.700   0.103 
20221006_20221123    -0.2   48   0.654   0.092 
20221018_20221030     1.4   12   0.808   0.114 
20221018_20221111    -0.2   24   0.732   0.108 
20221018_20221123     0.5   36   0.672   0.096 
20221018_20221205     0.1   48   0.663   0.094 
20221030_20221111    -1.5   12   0.766   0.107 
20221030_20221123    -0.9   24   0.692   0.094 
20221030_20221205    -1.3   36   0.669   0.092 
20221030_20221217    -0.0   48   0.653   0.090 
20221111_20221123     0.7   12   0.800   0.119 
20221111_20221205     0.3   24   0.708   0.103 
20221111_20221217     1.5   36   0.678   0.095 
20221111_20221229    -0.1   48   0.671   0.098 
20221123_20221205    -0.4   12   0.814   0.123 
20221123_20221217     0.8   24   0.711   0.100 
20221123_20221229    -0.7   36   0.680   0.098 
20221205_20221217     1.2   12   0.798   0.118 
20221205_20221229    -0.4   24   0.715   0.104 
20221217_20221229    -1.6   12   0.809   0.119 
